14807 25 1000  
14807 56.25 1000  
14807 87.5 1000  
14807 118.75 1000  
14807 181.25 1000  
14807 212.5 1000  
14807 243.75 1000  
14807 275 1000  
15513 25 1000  
15513 56.25 1000  
15513 87.5 1000  
15513 150 1000  
15513 181.25 1000  
15513 212.5 1000  
15513 275 1000  
15513 243.75 1000  
16219 25 1000  
16219 56.25 1000  
16219 118.75 1000  
16219 150 1000  
16219 181.25 1000  
16219 212.5 1000  
16219 275 1000  
16219 243.75 1000  
16925 25 1000  
16925 56.25 1000  
16925 118.75 1000  
16925 150 1000  
16925 181.25 1000  
16925 212.5 1000  
16925 275 1000  
16925 243.75 1000  
17042 25 1000  
17042 56.25 1000  
17042 87.5 1000  
17042 150 1000  
17042 181.25 1000  
17042 212.5 1000  
17042 243.75 1000  
17042 275 1000  
17160 118.75 1000  
17160 87.5 1000  
17160 56.25 1000  
17160 25 1000  
17160 181.25 1000  
17160 212.5 1000  
17160 275 1000  
17160 243.75 1000  
17278 150 1000  
17278 181.25 1000  
17278 212.5 1000  
17278 275 1000  
17278 243.75 1000  
17278 87.5 1000  
17278 56.25 1000  
17278 25 1000  
17395 56.25 1000  
17395 25 1000  
17395 118.75 1000  
17395 150 1000  
17395 181.25 1000  
17395 212.5 1000  
17395 275 1000  
17395 243.75 1000  
17513 87.5 1000  
17513 56.25 1000  
17513 25 1000  
17513 150 1000  
17513 181.25 1000  
17513 212.5 1000  
17513 275 1000  
17513 243.75 1000  
17631 25 1000  
17631 56.25 1000  
17631 87.5 1000  
17631 118.75 1000  
17631 181.25 1000  
17631 212.5 1000  
17631 275 1000  
17631 243.75 1000  
18337 150 1000  
18337 87.5 1000  
18337 56.25 1000  
18337 25 1000  
18337 181.25 1000  
18337 212.5 1000  
18337 275 1000  
18337 243.75 1000  
19042 56.25 1000  
19042 25 1000  
19042 118.75 1000  
19042 150 1000  
19042 181.25 1000  
19042 212.5 1000  
19042 275 1000  
19042 243.75 1000
  

19748 25.0 1000
19748 56.25 1000
19748 87.5 1000
19748 150.0 1000
19748 181.25 1000
19748 212.5 1000
19748 275.0 1000
19748 243.75 1000
20454 118.75 1000
20454 87.5 1000
20454 56.25 1000
20454 25.0 1000
20454 181.25 1000
20454 212.5 1000
20454 275.0 1000
20454 243.75 1000
21160 25.0 1000
21160 56.25 1000
21160 87.5 1000
21160 118.75 1000
21160 150.0 1000
21160 212.5 1000
21160 275.0 1000
21160 243.75 1000
21866 25.0 1000
21866 56.25 1000
21866 87.5 1000
21866 118.75 1000
21866 150.0 1000
21866 181.25 1000
21866 275.0 1000
21866 243.75 1000
22572 181.25 1000
22572 150.0 1000
22572 118.75 1000
22572 87.5 1000
22572 56.25 1000
22572 25.0 1000
22572 275.0 1000
22572 243.75 1000
22689 212.5 1000
22689 275.0 1000
22689 243.75 1000
22689 150.0 1000
22689 118.75 1000
22689 87.5 1000
22689 56.25 1000
22689 25.0 1000
22807 181.25 1000
22807 212.5 1000
22807 275.0 1000
22807 243.75 1000
22807 118.75 1000
22807 87.5 1000
22807 56.25 1000
22807 25.0 1000
22925 150.0 1000
22925 118.75 1000
22925 87.5 1000
22925 56.25 1000
22925 25.0 1000
22925 212.5 1000
22925 275.0 1000
22925 243.75 1000
23042 181.25 1000
23042 150.0 1000
23042 118.75 1000
23042 87.5 1000
23042 56.25 1000
23042 25.0 1000
23042 275.0 1000
23042 243.75 1000
23160 275.0 1000
23160 243.75 1000
23160 212.5 1000
23160 150.0 1000
23160 118.75 1000
23160 87.5 1000
23160 56.25 1000
23160 25.0 1000
23278 25.0 1000
23278 56.25 1000
23278 87.5 1000
23278 118.75 1000
23278 181.25 1000
23278 212.5 1000
23278 275.0 1000
23278 243.75 1000
29565 181.25 600
29682 118.75 600
29800 87.5 600
29918 150.0 600
30035 212.5 600
30153 243.75 600
30271 181.25 600
30388 118.75 600
30506 212.5 600
30624 25.0 600
30741 150.0 600
30859 275.0 600
30977 181.25 600
31094 118.75 600
31212 56.25 600
31329 181.25 600
31447 275.0 600
31565 212.5 600
31682 150.0 600
31800 87.5 600
31918 25.0 600
32035 118.75 600
32153 212.5 600
32271 275.0 600
32388 243.75 600
32506 150.0 600
32624 87.5 600
32741 212.5 600
32859 56.25 600
32977 181.25 600
33094 118.75 600
33212 275.0 600
33330 87.5 600
33447 25.0 600
33565 243.75 600
33682 25.0 600
33800 243.75 600
33918 56.25 600
34035 275.0 600
34153 87.5 600
34271 212.5 600
34388 118.75 600
34506 243.75 600
34624 56.25 600
34741 275.0 600
34859 87.5 600
34977 212.5 600
35094 118.75 600
35212 181.25 600
35330 87.5 600
35447 212.5 600
35565 56.25 600
35682 275.0 600
35800 25.0 600
35918 181.25 600
36035 87.5 600
36153 212.5 600
36271 56.25 600
36388 275.0 600
36506 25.0 600
36624 243.75 600
36741 25.0 600
36859 243.75 600
36977 212.5 600
37094 56.25 600
37212 181.25 600
37330 118.75 600
37447 275.0 600
37565 87.5 600
37682 212.5 600
37800 150.0 600
37918 25.0 600
38035 56.25 600
38153 87.5 600
38271 181.25 600
38388 243.75 600
38506 212.5 600
38624 150.0 600
38741 87.5 600
38859 56.25 600
38977 118.75 600
39094 275.0 600
39212 181.25 600
39330 118.75 600
39447 25.0 600
39447 56.25 600
39447 87.5 600
39447 118.75 600
39447 181.25 600
39447 212.5 600
39447 275.0 600
39447 243.75 600
39700 25.0 600
39700 56.25 600
39700 87.5 600
39700 118.75 600
39700 181.25 600
39700 212.5 600
39700 275.0 600
39700 243.75 600


38446 25 600
38446 56.25 600
38446 87.5 600
38446 118.75 600
38446 181.25 600
38446 212.5 600
38446 275 600
38446 243.75 600

38800 25 600
38800 56.25 600
38800 87.5 600
38800 118.75 600
38800 181.25 600
38800 212.5 600
38800 275 600
38800 243.75 600

51513 181.25 1000
51631 212.5 1000
51748 275 1000
51866 87.5 1000
51984 118.75 1000
52101 150 1000
52219 243.75 1000
52337 275 1000
52454 212.5 1000
52572 118.75 1000
52689 87.5 1000
52807 56.25 1000
52925 181.25 1000
53042 150 1000
53160 118.75 1000
53278 87.5 1000
53395 56.25 1000
53513 25 1000
53631 181.25 1000
53748 212.5 1000
53866 275 1000
53984 56.25 1000
54101 87.5 1000
54219 118.75 1000
54337 243.75 1000
54454 243.75 1000
54572 243.75 1000
54689 25 1000
54807 25 1000
54925 25 1000
55042 275 1000
55160 275 1000
55278 275 1000
55395 56.25 1000
55513 56.25 1000
55631 56.25 1000
55748 212.5 1000
55866 212.5 1000
55984 212.5 1000
56101 87.5 1000
56219 87.5 1000
56337 87.5 1000
56454 181.25 1000

56572 181.25 1000

56689 181.25 1000

56807 118.75 1000

56925 118.75 1000

57042 118.75 1000

61395 87.5 1000
61395 118.75 1000
61395 275 1000
61395 181.25 1000
61395 25 1000
61395 243.75 1000
61395 56.25 1000
61395 212.5 1000

61513 25 1000
61513 243.75 1000
61513 275 1000
61513 212.5 1000
61513 181.25 1000
61513 87.5 1000
61513 118.75 1000
61513 56.25 1000

61631 25 1000
61631 56.25 1000
61631 212.5 1000
61631 118.75 1000
61631 243.75 1000
61631 87.5 1000
61631 181.25 1000
61631 275 1000

61748 212.5 1000
61748 56.25 1000
61748 275 1000
61748 181.25 1000
61748 243.75 1000
61748 25 1000
61748 118.75 1000
61748 87.5 1000

61866 275 1000
61866 181.25 1000
61866 87.5 1000
61866 25 1000
61866 118.75 1000
61866 212.5 1000
61866 243.75 1000
61866 56.25 1000

61984 56.25 1000
61984 118.75 1000
61984 275 1000
61984 181.25 1000
61984 25 1000
61984 87.5 1000
61984 212.5 1000
61984 243.75 1000

62101 56.25 1000
62101 275 1000
62101 212.5 1000
62101 118.75 1000
62101 181.25 1000
62101 243.75 1000
62101 25 1000
62101 87.5 1000

62807 243.75 1000
62807 25 1000
62807 212.5 1000
62807 56.25 1000
62807 118.75 1000
62807 87.5 1000
62807 275 1000
62807 150 1000

62925 87.5 1000
62925 56.25 1000
62925 118.75 1000
62925 243.75 1000
62925 25 1000
62925 212.5 1000
62925 275 1000
62925 150 1000

63042 87.5 1000
63042 243.75 1000
63042 275 1000
63042 56.25 1000
63042 25 1000
63042 118.75 1000
63042 212.5 1000
63042 150 1000

63160 25 1000
63160 243.75 1000
63160 87.5 1000
63160 118.75 1000
63160 56.25 1000
63160 212.5 1000
63160 275 1000
63160 150 1000

63278 212.5 1000
63278 118.75 1000
63278 56.25 1000
63278 243.75 1000
63278 275 1000
63278 25 1000
63278 87.5 1000
63278 150 1000

63395 87.5 1000
63395 25 1000
63395 243.75 1000
63395 212.5 1000
63395 118.75 1000
63395 56.25 1000
63395 275 1000
63395 150 1000

63513 243.75 1000
63513 87.5 1000
63513 25 1000
63513 275 1000
63513 56.25 1000
63513 118.75 1000
63513 212.5 1000
63513 150 1000

64219 25 1000
64219 56.25 1000
64219 87.5 1000
64219 118.75 1000
64219 181.25 1000
64219 212.5 1000
64219 243.75 1000
64219 275 1000

64925 25 1000
64925 56.25 1000
64925 87.5 1000
64925 150 1000
64925 181.25 1000
64925 212.5 1000
64925 275 1000
64925 243.75 1000
  

65631 25 1000  
65631 56.25 1000  
65631 118.75 1000  
65631 150 1000  
65631 181.25 1000  
65631 212.5 1000  
65631 275 1000  
65631 243.75 1000  

66337 25 1000  
66337 56.25 1000  
66337 118.75 1000  
66337 150 1000  
66337 181.25 1000  
66337 212.5 1000  
66337 275 1000  
66337 243.75 1000  

66454 25 1000  
66454 56.25 1000  
66454 87.5 1000  
66454 150 1000  
66454 181.25 1000  
66454 212.5 1000  
66454 243.75 1000  
66454 275 1000  

66572 118.75 1000  
66572 87.5 1000  
66572 56.25 1000  
66572 25 1000  
66572 181.25 1000  
66572 212.5 1000  
66572 275 1000  
66572 243.75 1000  

66689 150 1000  
66689 181.25 1000  
66689 212.5 1000  
66689 275 1000  
66689 243.75 1000  
66689 87.5 1000  
66689 56.25 1000  
66689 25 1000  

66807 56.25 1000  
66807 25 1000  
66807 118.75 1000  
66807 150 1000  
66807 181.25 1000  
66807 212.5 1000  
66807 275 1000  
66807 243.75 1000  

66925 87.5 1000  
66925 56.25 1000  
66925 25 1000  
66925 150 1000  
66925 181.25 1000  
66925 212.5 1000  
66925 275 1000  
66925 243.75 1000  

67042 25 1000  
67042 56.25 1000  
67042 87.5 1000  
67042 118.75 1000  
67042 181.25 1000  
67042 212.5 1000  
67042 275 1000  
67042 243.75 1000  

67748 150 1000  
67748 87.5 1000  
67748 56.25 1000  
67748 25 1000  
67748 181.25 1000  
67748 212.5 1000  
67748 275 1000  
67748 243.75 1000  

68454 56.25 1000  
68454 25 1000  
68454 118.75 1000  
68454 150 1000  
68454 181.25 1000  
68454 212.5 1000  
68454 275 1000  
68454 243.75 1000  

69160 25 1000  
69160 56.25 1000  
69160 87.5 1000  
69160 150 1000  
69160 181.25 1000  
69160 212.5 1000  
69160 275 1000  
69160 243.75 1000  

69866 118.75 1000  
69866 87.5 1000  
69866 56.25 1000  
69866 25 1000  
69866 181.25 1000  
69866 212.5 1000  
69866 275 1000  
69866 243.75 1000  

70572 25 1000  
70572 56.25 1000  
70572 87.5 1000  
70572 118.75 1000  
70572 150 1000  
70572 212.5 1000  
70572 275 1000  
70572 243.75 1000  

71278 25 1000  
71278 56.25 1000  
71278 87.5 1000  
71278 118.75 1000  
71278 150 1000  
71278 181.25 1000  
71278 275 1000  
71278 243.75 1000  

71984 181.25 1000  
71984 150 1000  
71984 118.75 1000  
71984 87.5 1000  
71984 56.25 1000  
71984 25 1000  
71984 275 1000  
71984 243.75 1000  

72101 212.5 1000  
72101 275 1000  
72101 243.75 1000  
72101 150 1000  
72101 118.75 1000  
72101 87.5 1000  
72101 56.25 1000  
72101 25 1000  

72219 181.25 1000  
72219 212.5 1000  
72219 275 1000  
72219 243.75 1000  
72219 118.75 1000  
72219 87.5 1000  
72219 56.25 1000  
72219 25 1000  

72337 150 1000  
72337 118.75 1000  
72337 87.5 1000  
72337 56.25 1000  
72337 25 1000  
72337 212.5 1000  
72337 275 1000  
72337 243.75 1000  

72454 181.25 1000  
72454 150 1000  
72454 118.75 1000  
72454 87.5 1000  
72454 56.25 1000  
72454 25 1000  
72454 275 1000  
72454 243.75 1000  

72572 275 1000  
72572 243.75 1000  
72572 212.5 1000  
72572 150 1000  
72572 118.75 1000  
72572 87.5 1000  
72572 56.25 1000  
72572 25 1000  

72689 25 1000  
72689 56.25 1000  
72689 87.5 1000  
72689 118.75 1000  
72689 181.25 1000  
72689 212.5 1000  
72689 275 1000  
72689 243.75 1000  

73395 25 1000  
73395 56.25 1000  
73395 87.5 1000  
73395 150 1000  
73395 181.25 1000  
73395 212.5 1000  
73395 275 1000  
73395 243.75 1000  

74101 118.75 1000  
74101 150 1000  
74101 181.25 1000  
74101 212.5 1000  
74101 275 1000  
74101 243.75 1000  
74101 56.25 1000  
74101 25 1000  

74454 25 1000  
74454 87.5 1000  
74454 118.75 1000  
74454 150 1000  
74454 181.25 1000  
74454 212.5 1000  
74454 275 1000  
74454 243.75 1000  

74807 56.25 1000  
74807 87.5 1000  
74807 118.75 1000  
74807 150 1000  
74807 181.25 1000  
74807 212.5 1000  
74807 275 1000  
74807 243.75 1000  

75513 25 1000  
75513 56.25 1000  
75513 87.5 1000  
75513 118.75 1000  
75513 181.25 1000  
75513 212.5 1000  
75513 243.75 1000  
75513 275 1000  

76219 25 1000  
76219 56.25 1000  
76219 87.5 1000  
76219 150 1000  
76219 181.25 1000  
76219 212.5 1000  
76219 275 1000  
76219 243.75 1000  

76925 25 1000  
76925 56.25 1000  
76925 118.75 1000  
76925 150 1000  
76925 181.25 1000  
76925 212.5 1000  
76925 275 1000  
76925 243.75 1000  

77631 25 1000  
77631 56.25 1000  
77631 87.5 1000  
77631 118.75 1000  
77631 150 1000  
77631 181.25 1000  
77631 212.5 1000  
77631 243.75 1000  
77631 275 1000  

77748 25 1000  
77748 56.25 1000  
77748 87.5 1000  
77748 150 1000  
77748 181.25 1000  
77748 212.5 1000  
77748 243.75 1000  
77748 275 1000  

77866 25 1000  
77866 56.25 1000  
77866 87.5 1000  
77866 118.75 1000  
77866 181.25 1000  
77866 212.5 1000  
77866 243.75 1000  
77866 275 1000  

77984 25 1000  
77984 56.25 1000  
77984 87.5 1000  
77984 150 1000  
77984 181.25 1000  
77984 212.5 1000  
77984 243.75 1000  
77984 275 1000  

78101 25 1000  
78101 56.25 1000  
78101 118.75 1000  
78101 150 1000  
78101 181.25 1000  
78101 212.5 1000  
78101 243.75 1000  
78101 275 1000
  

78219 25 1000  
78219 56.25 1000  
78219 87.5 1000  
78219 150 1000  
78219 181.25 1000  
78219 212.5 1000  
78219 243.75 1000  
78219 275 1000  

78337 25 1000  
78337 56.25 1000  
78337 87.5 1000  
78337 118.75 1000  
78337 181.25 1000  
78337 212.5 1000  
78337 243.75 1000  
78337 275 1000  

79042 25 1000  
79042 56.25 1000  
79042 87.5 1000  
79042 150 1000  
79042 181.25 1000  
79042 212.5 1000  
79042 243.75 1000  
79042 275 1000  

79748 25 1000  
79748 56.25 1000  
79748 118.75 1000  
79748 150 1000  
79748 181.25 1000  
79748 212.5 1000  
79748 243.75 1000  
79748 275 1000  

80454 25 1000  
80454 56.25 1000  
80454 87.5 1000  
80454 150 1000  
80454 181.25 1000  
80454 212.5 1000  
80454 243.75 1000  
80454 275 1000  

81160 25 1000  
81160 56.25 1000  
81160 87.5 1000  
81160 118.75 1000  
81160 181.25 1000  
81160 212.5 1000  
81160 243.75 1000  
81160 275 1000  

81866 25 1000  
81866 56.25 1000  
81866 87.5 1000  
81866 118.75 1000  
81866 150 1000  
81866 212.5 1000  
81866 243.75 1000  
81866 275 1000  

82572 25 1000  
82572 56.25 1000  
82572 87.5 1000  
82572 118.75 1000  
82572 150 1000  
82572 181.25 1000  
82572 243.75 1000  
82572 275 1000  

83278 25 1000  
83278 56.25 1000  
83278 87.5 1000  
83278 118.75 1000  
83278 150 1000  
83278 181.25 1000  
83278 243.75 1000  
83278 275 1000  

83395 25 1000  
83395 56.25 1000  
83395 87.5 1000  
83395 118.75 1000  
83395 150 1000  
83395 212.5 1000  
83395 243.75 1000  
83395 275 1000  

83513 25 1000  
83513 56.25 1000  
83513 87.5 1000  
83513 118.75 1000  
83513 181.25 1000  
83513 212.5 1000  
83513 243.75 1000  
83513 275 1000  

83631 25 1000  
83631 56.25 1000  
83631 87.5 1000  
83631 118.75 1000  
83631 150 1000  
83631 212.5 1000  
83631 243.75 1000  
83631 275 1000  

83748 25 1000  
83748 56.25 1000  
83748 87.5 1000  
83748 118.75 1000  
83748 150 1000  
83748 181.25 1000  
83748 243.75 1000  
83748 275 1000  

83866 25 1000  
83866 56.25 1000  
83866 87.5 1000  
83866 118.75 1000  
83866 150 1000  
83866 212.5 1000  
83866 243.75 1000  
83866 275 1000  

83984 25 1000  
83984 56.25 1000  
83984 87.5 1000  
83984 118.75 1000  
83984 181.25 1000  
83984 212.5 1000  
83984 243.75 1000  
83984 275 1000  

84689 25 1000  
84689 56.25 1000  
84689 87.5 1000  
84689 150 1000  
84689 181.25 1000  
84689 212.5 1000  
84689 243.75 1000  
84689 275 1000  

85395 25 1000  
85395 56.25 1000  
85395 118.75 1000  
85395 150 1000  
85395 181.25 1000  
85395 212.5 1000  
85395 243.75 1000  
85395 275 1000  

86101 25 1000  
86101 56.25 1000  
86101 87.5 1000  
86101 150 1000  
86101 181.25 1000  
86101 212.5 1000  
86101 243.75 1000  
86101 275 1000  

86807 25 1000  
86807 56.25 1000  
86807 87.5 1000  
86807 118.75 1000  
86807 181.25 1000  
86807 212.5 1000  
86807 243.75 1000  
86807 275 1000  

89631 25 1000  
89631 56.25 1000  
89631 87.5 1000  
89631 118.75 1000  
89631 181.25 1000  
89631 212.5 1000  
89631 243.75 1000  
89631 275 1000  

92454 25 1000  
92454 56.25 1000  
92454 87.5 1000  
92454 118.75 1000  
92454 181.25 1000  
92454 212.5 1000  
92454 243.75 1000  
92454 275 1000  

93160 25 1000  
93160 56.25 1000  
93160 87.5 1000  
93160 118.75 1000  
93160 181.25 1000  
93160 212.5 1000  
93160 243.75 1000  
93160 275 1000
  

93866 25 1000
93866 56.25 1000
93866 87.5 1000
93866 118.75 1000
93866 181.25 1000
93866 212.5 1000
93866 243.75 1000
93866 275 1000

94572 25 1000
94572 56.25 1000
94572 87.5 1000
94572 118.75 1000
94572 181.25 1000
94572 212.5 1000
94572 243.75 1000
94572 275 1000

95278 25 1000
95278 56.25 1000
95278 87.5 1000
95278 118.75 1000
95278 181.25 1000
95278 212.5 1000
95278 243.75 1000
95278 275 1000

95631 25 1000
95631 56.25 1000
95631 87.5 1000
95631 118.75 1000
95631 181.25 1000
95631 212.5 1000
95631 243.75 1000
95631 275 1000

95984 25 1000
95984 56.25 1000
95984 87.5 1000
95984 118.75 1000
95984 181.25 1000
95984 212.5 1000
95984 243.75 1000
95984 275 1000

96337 25 1000
96337 56.25 1000
96337 87.5 1000
96337 118.75 1000
96337 181.25 1000
96337 212.5 1000
96337 243.75 1000
96337 275 1000

96689 25 1000
96689 56.25 1000
96689 87.5 1000
96689 118.75 1000
96689 181.25 1000
96689 212.5 1000
96689 243.75 1000
96689 275 1000

97042 25 1000
97042 56.25 1000
97042 87.5 1000
97042 118.75 1000
97042 181.25 1000
97042 212.5 1000
97042 243.75 1000
97042 275 1000
97395 25 1000
97395 56.25 1000
97395 87.5 1000
97395 118.75 1000
97395 181.25 1000
97395 212.5 1000
97395 243.75 1000
97395 275 1000
97748 25 1000
97748 56.25 1000
97748 87.5 1000
97748 118.75 1000
97748 181.25 1000
97748 212.5 1000
97748 243.75 1000
97748 275 1000
98001 25 1000
98001 56.25 1000
98001 87.5 1000
98001 118.75 1000
98001 181.25 1000
98001 212.5 1000
98001 243.75 1000
98001 275 1000
98219 118.75 1000
98219 181.25 1000
98337 118.75 1000
98337 181.25 1000
98454 118.75 1000
98454 181.25 1000
98572 118.75 1000
98572 181.25 1000
98689 118.75 1000
98689 181.25 1000
98807 118.75 1000
98807 181.25 1000
98925 118.75 1000
98925 181.25 1000
99042 87.5 1000
99042 150 1000
99160 87.5 1000
99160 150 1000
99278 56.25 1000
99278 118.75 1000
99395 56.25 1000
99395 118.75 1000
99513 25 1000
99513 87.5 1000
99631 25 1000
99631 87.5 1000
99748 25 1000
99748 87.5 1000
99866 25 1000
99866 87.5 1000
99984 25 1000
99984 87.5 1000
100101 25 1000
100101 87.5 1000
100219 25 1000
100219 87.5 1000
100337 25 1000
100337 87.5 1000
100454 56.25 1000
100454 118.75 1000
100572 56.25 1000
100572 118.75 1000
100689 87.5 1000
100689 150 1000
100807 87.5 1000
100807 150 1000
100925 118.75 1000
100925 181.25 1000
101042 118.75 1000
101042 181.25 1000
101160 118.75 1000
101160 181.25 1000
101278 118.75 1000
101278 181.25 1000
101395 118.75 1000
101395 181.25 1000
101513 118.75 1000
101513 181.25 1000
101631 118.75 1000
101631 181.25 1000
101748 118.75 1000
101748 181.25 1000
101866 118.75 1000
101866 181.25 1000
101984 118.75 1000
101984 181.25 1000
102101 181.25 1000
102101 118.75 1000
102219 118.75 1000
102219 181.25 1000
102337 150 1000
102337 212.5 1000
102454 150 1000
102454 212.5 1000
102572 150 1000
102572 212.5 1000
102689 212.5 1000
102689 150 1000
102807 150 1000
102807 212.5 1000
102925 150 1000
102925 212.5 1000
103042 181.25 1000
103042 275 1000
103160 275 1000
103160 181.25 1000
103278 181.25 1000
103278 275 1000
103395 275 1000
103395 181.25 1000
103513 181.25 1000
103513 275 1000
103631 275 1000
103631 181.25 1000
103748 212.5 1000
103748 243.75 1000
103866 212.5 1000
103866 243.75 1000
103984 243.75 1000
103984 212.5 1000
104101 212.5 1000  
104101 243.75 1000
104219 243.75 1000
104219 212.5 1000
104337 212.5 1000
104337 243.75 1000
104454 212.5 1000
104454 243.75 1000
104572 212.5 1000
104572 243.75 1000
104689 275 1000
104689 181.25 1000
104807 181.25 1000
104807 275 1000
104925 150 1000
104925 212.5 1000
105042 150 1000
105042 212.5 1000
105160 118.75 1000
105160 181.25 1000
105278 118.75 1000
105278 181.25 1000
105395 181.25 1000
105395 118.75 1000
105513 118.75 1000
105513 181.25 1000
105631 118.75 1000
105631 181.25 1000
105748 118.75 1000
105748 181.25 1000
105866 118.75 1000
105866 181.25 1000
105984 118.75 1000
105984 181.25 1000
106101 87.5 1000
106101 150 1000
106219 87.5 1000
106219 150 1000
106337 56.25 1000
106337 118.75 1000
106454 56.25 1000
106454 118.75 1000
106572 25 1000
106572 87.5 1000
106689 25 1000
106689 87.5 1000
106807 25 1000
106807 87.5 1000
106925 25 1000
106925 87.5 1000
107042 25 1000
107042 87.5 1000
107160 25 1000
107160 87.5 1000
107278 25 1000
107278 87.5 1000
107395 25 1000
107395 87.5 1000
107513 56.25 1000
107513 118.75 1000
107631 56.25 1000
107631 118.75 1000
107748 87.5 1000
107748 150 1000
107866 87.5 1000
107866 150 1000
107984 118.75 1000
107984 181.25 1000
108101 118.75 1000
108101 181.25 1000
108219 181.25 1000
108219 118.75 1000
108337 118.75 1000
108337 181.25 1000
108454 181.25 1000
108454 118.75 1000
108572 118.75 1000
108572 181.25 1000
108689 118.75 1000
108689 181.25 1000
108807 181.25 1000
108807 118.75 1000
108925 118.75 1000
108925 181.25 1000
109042 118.75 1000
109042 181.25 1000
109160 118.75 1000
109160 181.25 1000
109278 118.75 1000
109278 181.25 1000
109395 118.75 1000
109395 181.25 1000
131984 25 1000
131984 56.25 1000
131984 87.5 1000
131984 118.75 1000
131984 181.25 1000
131984 212.5 1000
131984 275 1000
131984 243.75 1000
132101 25 1000
132101 56.25 1000
132101 87.5 1000
132101 118.75 1000
132101 181.25 1000
132101 212.5 1000
132101 275 1000
132101 243.75 1000
132219 275 1000
132219 118.75 1000
132219 181.25 1000
132219 87.5 1000
132219 25 1000
132219 243.75 1000
132219 56.25 1000
132219 212.5 1000
132337 87.5 1000
132337 181.25 1000
132337 212.5 1000
132337 118.75 1000
132337 243.75 1000
132337 25 1000
132337 275 1000
132337 56.25 1000
132454 243.75 1000
132454 25 1000
132454 212.5 1000
132454 56.25 1000
132454 118.75 1000
132454 275 1000
132454 87.5 1000
132454 181.25 1000
132572 25 1000
132572 243.75 1000
132572 56.25 1000
132572 275 1000
132572 181.25 1000
132572 87.5 1000
132572 118.75 1000
132572 212.5 1000
132689 275 1000
132689 118.75 1000
132689 181.25 1000
132689 87.5 1000
132689 25 1000
132689 243.75 1000
132689 56.25 1000
132689 212.5 1000
132807 87.5 1000
132807 181.25 1000
132807 212.5 1000
132807 118.75 1000
132807 243.75 1000
132807 25 1000
132807 275 1000
132807 56.25 1000
132925 243.75 1000
132925 25 1000
132925 212.5 1000
132925 56.25 1000
132925 118.75 1000
132925 275 1000
132925 87.5 1000
132925 181.25 1000
133042 25 1000
133042 243.75 1000
133042 56.25 1000
133042 275 1000
133042 181.25 1000
133042 87.5 1000
133042 118.75 1000
133042 212.5 1000
133160 275 1000
133160 118.75 1000
133160 181.25 1000
133160 87.5 1000
133160 25 1000
133160 243.75 1000
133160 56.25 1000
133160 212.5 1000
133278 87.5 1000
133278 181.25 1000
133278 212.5 1000
133278 118.75 1000
133278 243.75 1000
133278 25 1000
133278 275 1000
133278 56.25 1000
133395 56.25 950
133395 87.5 950
133395 118.75 950
133395 181.25 950
133395 212.5 950
133395 243.75 950
133395 25 950
133395 275 950
133517 56.25 950
133517 87.5 950
133517 118.75 950
133517 181.25 950
133517 212.5 950
133517 243.75 950
133517 25 950
133517 275 950
133640 243.75 950
133640 212.5 950
133640 181.25 950
133640 118.75 950
133640 87.5 950
133640 56.25 950
133640 25 950
133573 275 950
133696 212.5 950
133696 118.75 950
133696 56.25 950
133696 87.5 950
133696 243.75 950
133696 181.25 950
133696 25 950
133696 275 950
133818 212.5 950
133818 118.75 950
133818 56.25 950
133818 181.25 950
133818 243.75 950
133818 87.5 950
133818 25 950
133818 275 950
133941 56.25 950
133941 212.5 950
133941 118.75 950
133941 87.5 950
133941 181.25 950
133941 243.75 950
133941 25 950
133941 275 950
134064 212.5 950
134064 56.25 950
134064 118.75 950
134064 25 950
134064 87.5 950
134064 275 950
134064 243.75 950
134064 181.25 950
134186 118.75 950
134186 275 950
134186 25 950
134186 212.5 950
134186 56.25 950
134186 87.5 950
134186 243.75 950
134186 181.25 950
134309 212.5 950
134309 275 950
134309 118.75 950
134309 56.25 950
134309 25 950
134309 87.5 950
134309 181.25 950
134309 243.75 950
134432 212.5 950
134432 118.75 950
134432 243.75 950
134432 25 950
134432 181.25 950
134432 275 950
134432 56.25 950
134432 87.5 950
134554 118.75 950
134554 181.25 950
134554 87.5 950
134554 275 950
134554 243.75 950
134554 25 950
134554 56.25 950
134554 212.5 950
134677 212.5 950
134677 275 950
134677 243.75 950
134677 87.5 950
134677 181.25 950
134677 25 950
134677 56.25 950
134677 118.75 950
134558 56.25 840
134558 87.5 840
134558 118.75 840
134558 181.25 840
134558 212.5 840
134558 275 840
134697 118.75 840
134697 87.5 840
134697 56.25 840
134697 181.25 840
134697 212.5 840
134697 275 840
134837 56.25 840
134837 87.5 840
134837 118.75 840
134837 181.25 840
134837 212.5 840
134837 275 840
134977 212.5 840
134977 118.75 840
134977 56.25 840
134977 87.5 840
134977 275 840
134977 181.25 840
135117 212.5 840
135117 56.25 840
135117 118.75 840
135117 181.25 840
135117 275 840
135117 87.5 840
135257 275 840
135257 87.5 840
135257 181.25 840
135257 212.5 840
135257 118.75 840
135257 56.25 840
135397 87.5 840
135397 275 840
135397 181.25 840
135397 212.5 840
135397 118.75 840
135397 56.25 840
135537 181.25 840
135537 275 840
135537 87.5 840
135537 212.5 840
135537 56.25 840
135537 118.75 840
135676 212.5 840
135676 118.75 840
135676 56.25 840
135676 275 840
135676 87.5 840
135676 181.25 840
135816 212.5 840
135816 118.75 840
135816 56.25 840
135816 87.5 840
135816 275 840
135816 181.25 840
135956 212.5 840
135956 56.25 840
135956 118.75 840
135956 181.25 840
135956 275 840
135956 87.5 840
136096 275 840
136096 87.5 840
136096 181.25 840
136096 212.5 840
136096 118.75 840
136096 56.25 840
136125 87.5 790
136125 118.75 790
136125 181.25 790
136125 212.5 790
136274 87.5 790
136274 118.75 790
136274 212.5 790
136274 181.25 790
136423 87.5 790
136423 118.75 790
136423 181.25 790
136423 212.5 790
136572 87.5 790
136572 181.25 790
136572 118.75 790
136572 212.5 790
136722 212.5 790
136722 87.5 790
136722 181.25 790
136722 118.75 790
136871 212.5 790
136871 118.75 790
136871 181.25 790
136871 87.5 790
137020 118.75 790
137020 212.5 790
137020 87.5 790
137020 181.25 790
137169 181.25 790
137169 118.75 790
137169 212.5 790
137169 87.5 790
137319 181.25 790
137319 87.5 790
137319 212.5 790
137319 118.75 790
137468 87.5 790
137468 181.25 790
137468 118.75 790
137468 212.5 790
137617 212.5 790
137617 87.5 790
137617 181.25 790
137617 118.75 790
137766 212.5 790
137766 118.75 790
137766 181.25 790
137766 87.5 790
137916 118.75 790
137916 212.5 790
137916 87.5 790
137916 181.25 790
138065 181.25 790
138065 118.75 790
138065 212.5 790
138065 87.5 790
138214 181.25 790
138214 87.5 790
138214 212.5 790
138191 118.75 790
138340 118.75 790
138340 181.25 790
138490 118.75 790
138490 181.25 790
138639 118.75 790
138639 181.25 790
138788 118.75 790
138788 181.25 790
138937 118.75 790
138937 181.25 790
139087 181.25 790
139087 118.75 790
139236 181.25 790
139236 118.75 790
139385 181.25 790
139385 118.75 790
139534 118.75 790
139534 181.25 790
139684 118.75 790
139684 181.25 790
139833 118.75 790
139833 181.25 790
139982 181.25 790
139982 118.75 790
140131 181.25 790
140131 118.75 790
140281 181.25 790
140281 118.75 790
140430 118.75 790
140430 181.25 790
140579 118.75 790
140579 181.25 790
140728 118.75 790
140728 181.25 790
140878 181.25 790
140878 118.75 790
141027 181.25 790
141027 118.75 790
141176 181.25 790
141176 118.75 790
141325 118.75 790
141325 181.25 790
141475 118.75 790
141475 181.25 790
141624 118.75 790
141624 181.25 790
141773 181.25 790
141773 118.75 790
141922 181.25 790
141922 118.75 790
142072 181.25 790
142072 118.75 790