2270 0 500
2436 50 500
2601 100 500
2767 150 500
2933 100 500
3099 50 500
3265 0 500
6249 0 500
6580 50 500
6912 100 500
7243 150 500
12548 300 500
12714 250 500
12880 200 500
13046 150 500
13212 100 500
16527 0 500
16693 50 500
16859 100 500
17025 150 500
17190 200 500
18517 150 500
18682 100 500
18848 200 500
19014 50 500
19180 250 500
24153 50 500
24319 100 500
24485 150 500
24651 200 500
24816 150 500
24982 100 500
25148 50 500
25811 250 500
25977 200 500
26143 150 500
26640 150 500
26806 200 500
27137 250 500
27966 100 500
28132 100 500
28298 100 500
28464 150 500
28630 150 500
28795 150 500
28961 200 500
29127 200 500
29790 250 500
29956 250 500
30122 250 500
30619 125 500
30784 175 500
30950 125 500
31116 175 500
32111 100 500
32277 50 500
32442 0 500
32608 200 500
32774 250 500
32940 300 500
34100 100 500
34266 50 500
34431 0 500
34597 200 500
34763 250 500
34929 300 500

