114
2105 0 2 1
2631 0 2 1
3157 0 1 1
3683 0 1 1
4210 0 2 1
4999 0 2 1
5131 0 2 1
5262 0 1 1
5526 0 2 1
5789 0 2 1
6052 0 1 1
6315 0 2 1
7104 0 1 1
7236 0 1 1
7368 0 2 1
7631 0 2 1
7894 0 1 1
8157 0 1 1
8420 0 2 1
8947 0 2 1
9473 0 2 1
9736 0 1 1
10131 0 1 1
10526 0 2 1
11052 0 2 1
11578 0 1 1
12104 0 1 1
12631 0 2 1
13420 0 2 1
13552 0 2 1
13683 0 1 1
13947 0 2 1
14210 0 2 1
14341 0 1 1
14473 0 2 1
14736 0 2 1
15789 0 1 1
16841 0 1 1
18947 0 2 1
19473 0 1 1
19999 0 2 1
20526 0 1 1
21052 0 2 1
21841 0 2 1
21973 0 2 1
22104 0 1 1
22368 0 2 1
22631 0 2 1
22894 0 1 1
23157 0 2 1
23947 0 1 1
24078 0 1 1
24210 0 2 1
24473 0 2 1
24736 0 2 1
24999 0 1 1
25262 0 2 1
25789 0 2 1
26052 0 1 1
26315 0 2 1
27368 0 1 1
27894 0 2 1
28420 0 2 1
28947 0 1 1
29473 0 2 1
30262 0 2 1
30394 0 1 1
30526 0 2 1
30789 0 2 1
31052 0 1 1
31315 0 1 1
31578 0 2 1
36052 0 2 1
36183 0 2 1
36315 0 1 1
36578 0 2 1
36710 0 1 1
36841 0 2 1
37104 0 2 1
37368 0 1 1
37631 0 2 1
37762 0 2 1
37894 0 1 1
38026 0 1 1
38157 0 2 1
38289 0 2 1
38420 0 2 1
38552 0 1 1
38683 0 2 1
39210 0 2 1
39341 0 1 1
39473 0 2 1
39604 0 2 1
39736 0 1 1
39868 0 1 1
40262 0 2 1
40394 0 1 1
40526 0 2 1
40789 0 2 1
40920 0 1 1
41183 0 1 1
41315 0 2 1
41447 0 1 1
41578 0 2 1
41841 0 2 1
41973 0 2 1
42104 0 1 1
42368 0 1 1
42499 0 1 1
42631 0 2 1
42762 0 1 1
42894 0 2 1
43026 0 2 1
43157 0 1 1
43289 0 1 1
43420 0 2 1
43552 0 1 1
43947 0 2 1
44078 0 2 1
44210 0 1 1
44473 0 2 1
44604 0 1 1
44736 0 2 1
44999 0 2 1
45131 0 2 1
45262 0 2 1
45394 0 1 1
45526 0 2 1
45789 0 1 1
46052 0 2 1
46183 0 2 1
46315 0 1 1
46447 0 1 1
46578 0 2 1
46710 0 2 1
46841 0 2 1
46973 0 1 1
47104 0 2 1
47631 0 2 1
47762 0 1 1
47894 0 2 1
48026 0 2 1
48157 0 1 1
48289 0 1 1
48683 0 2 1
48815 0 2 1
48947 0 1 1
49210 0 1 1
49341 0 1 1
49473 0 2 1
49604 0 1 1
49736 0 2 1
49868 0 2 1
49999 0 1 1
50262 0 2 1
50394 0 2 1
50526 0 1 1
50789 0 2 1
50920 0 1 1
51052 0 2 1
51315 0 2 1
51447 0 2 1
51710 0 1 1
51841 0 2 1
51973 0 1 1
52368 0 1 1
52499 0 2 1
56315 0 1 1
56578 0 1 1
57104 0 1 1
57236 0 1 1
57368 0 2 1
57631 0 2 1
57762 0 2 1
57894 0 1 1
58026 0 1 1
58157 0 2 1
58289 0 1 1
58420 0 2 1
58683 0 2 1
58815 0 2 1
58947 0 1 1
59210 0 1 1
59473 0 2 1
59736 0 2 1
59868 0 1 1
59999 0 2 1
60131 0 2 1
60262 0 1 1
60394 0 1 1
60526 0 2 1
60789 0 2 1
60920 0 1 1
61315 0 1 1
61578 0 2 1
61710 0 1 1
61841 0 2 1
61973 0 2 1
62104 0 2 1
62236 0 1 1
62368 0 2 1
62631 0 1 1
62894 0 2 1
63026 0 2 1
63157 0 1 1
63420 0 2 1
63683 0 2 1
63815 0 2 1
63947 0 1 1
64078 0 1 1
64210 0 2 1
64473 0 2 1
64604 0 1 1
64736 0 2 1
64868 0 2 1
64999 0 2 1
65131 0 1 1
65526 0 2 1
65657 0 1 1
65789 0 2 1
66052 0 2 1
66183 0 2 1
66315 0 1 1
66447 0 1 1
66578 0 2 1
66710 0 1 1
66841 0 2 1
67104 0 2 1
67236 0 2 1
67368 0 1 1
67631 0 1 1
67894 0 2 1
68157 0 2 1
68289 0 1 1
68420 0 2 1
68552 0 1 1
68683 0 2 1
68947 0 2 1
69078 0 2 1
69210 0 2 1
69341 0 1 1
69736 0 2 1
69868 0 1 1
69999 0 2 1
70262 0 1 1
70394 0 1 1
70526 0 2 1
70657 0 1 1
70789 0 2 1
71052 0 2 1
71315 0 1 1
71447 0 2 1
71578 0 1 1
71841 0 2 1
72104 0 2 1
72368 0 1 1
72499 0 1 1
72631 0 2 1
72894 0 1 1
73026 0 2 1
73289 0 2 1
73420 0 1 1
73552 0 1 1
74078 0 1 1
74210 0 2 1
74341 0 1 1
74473 0 2 1
74604 0 2 1
74736 0 2 1
75131 0 1 1
75262 0 2 1
75394 0 1 1
75526 0 1 1
75657 0 1 1
75789 0 2 1
76052 0 2 1
76315 0 2 1
76447 0 2 1
76578 0 1 1
76710 0 2 1
76841 0 1 1
76973 0 2 1
77236 0 1 1
77368 0 2 1
77499 0 2 1
77631 0 2 1
77762 0 1 1
78289 0 1 1
78420 0 2 1
78552 0 1 1
78683 0 2 1
78815 0 1 1
78947 0 2 1
79341 0 1 1
79473 0 2 1
79604 0 2 1
79736 0 1 1
79868 0 1 1
79999 0 2 1
80262 0 1 1
80394 0 2 1
80526 0 2 1
80657 0 2 1
80789 0 1 1
80920 0 2 1
81052 0 1 1
81183 0 2 1
81447 0 1 1
81578 0 2 1
81710 0 2 1
81841 0 2 1
81973 0 1 1
82368 0 1 1
82499 0 2 1
82631 0 2 1
82762 0 1 1
82894 0 2 1
83026 0 1 1
83157 0 2 1
83420 0 1 1
83552 0 2 1
83683 0 2 1
83815 0 1 1
83947 0 2 1
84078 0 2 1
84210 0 2 1
84341 0 1 1
84473 0 2 1
84604 0 1 1
84736 0 2 1
84999 0 2 1
85131 0 2 1
85262 0 1 1
85394 0 2 1
85526 0 2 1
85657 0 1 1
85789 0 2 1
85920 0 2 1
86052 0 1 1
86183 0 1 1
86578 0 1 1
86841 0 2 1
87104 0 2 1
87236 0 2 1
87368 0 1 1
87499 0 1 1
87631 0 2 1
87894 0 2 1
88157 0 1 1
88289 0 1 1
88420 0 2 1
88683 0 1 1
88947 0 2 1
89210 0 1 1
89341 0 1 1
89473 0 2 1
89736 0 2 1
89868 0 1 1
89999 0 2 1
90131 0 1 1
90262 0 2 1
90394 0 2 1