181
2281 0 2 1
2612 1 1 1
2778 1 2 1
2944 1 1 1
3275 0 2 1
3607 1 1 1
3773 1 2 1
3938 1 1 1
5596 0 2 1
5707 0 2 1
5817 0 2 1
5928 0 1 1
6093 1 1 1
6259 1 2 1
6591 0 1 1
6757 0 2 1
6922 0 1 1
7254 1 2 1
7586 0 1 1
7752 0 2 1
7917 0 1 1
9741 0 2 1
9906 1 1 1
10238 0 1 1
10570 1 1 1
10735 1 1 1
10901 1 1 1
11067 1 1 1
11233 1 2 1
11564 0 2 1
11730 0 2 1
11896 0 1 1
12062 0 2 1
12227 0 1 1
12559 1 2 1
12725 0 1 1
12891 1 1 1
13056 1 1 1
13222 1 2 1
13719 1 2 1
13884 1 1 1
14217 0 1 1
15543 0 1 1
15709 1 2 1
15875 0 1 1
16040 0 1 1
16206 1 2 1
16372 1 2 1
16538 0 1 1
16704 1 2 1
16869 0 1 1
17035 0 1 1
17201 1 2 1
17367 1 2 1
17532 0 1 1
17698 1 2 1
17864 0 1 1
18030 0 1 1
18196 1 2 1
19522 0 1 1
19688 1 2 1
19853 0 1 1
20019 1 2 1
20185 0 1 1
21677 0 2 1
21843 1 1 1
22174 0 2 1
22506 1 1 1
22672 1 1 1
22838 1 1 1
23003 1 1 1
23169 1 2 1
23501 0 1 1
23666 0 2 1
23832 0 1 1
23998 0 1 1
24164 0 1 1
24330 0 2 1
24661 0 1 1
24827 0 2 1
25158 1 2 1
25324 1 2 1
25490 1 1 1
25822 0 1 1
29469 0 2 1
29579 0 2 1
29690 0 2 1
29800 0 1 1
33448 1 2 1
33558 1 2 1
33669 1 2 1
33779 1 1 1
33945 1 1 1
35105 0 2 1
35271 0 2 1
35436 0 1 1
35602 0 2 1
35768 0 1 1
35934 0 1 1
37095 1 2 1
37261 1 2 1
37426 1 1 1
37592 1 2 1
37758 1 1 1
37924 1 1 1
39084 0 2 1
39250 0 2 1
39415 0 1 1
39581 0 2 1
39747 0 1 1
39913 0 1 1
40079 0 2 1
40245 0 2 1
40410 0 2 1
40576 1 1 1
40742 0 2 1
40908 1 1 1
41074 1 1 1
41239 0 2 1
41405 0 2 1
41571 1 1 1
41737 1 1 1
42068 1 1 1
42400 1 1 1
42731 0 2 1
43063 1 1 1
43395 0 2 1
43726 1 1 1
44058 0 2 1
