170
2400 1 1 1
2753 1 1 1
3106 1 1 1
3459 1 1 1
3576 0 2 1
3694 1 1 1
3812 0 2 1
4165 0 2 1
4518 0 2 1
4870 0 2 1
4988 1 1 1
5106 0 2 1
5223 1 1 1
5341 0 2 1
5459 0 2 1
5576 1 1 1
5694 0 2 1
5812 0 2 1
5929 1 1 1
6047 0 2 1
6165 1 1 1
6282 0 2 1
6400 1 1 1
6518 0 2 1
6635 0 2 1
6753 1 1 1
6870 1 1 1
6988 0 2 1
7106 1 1 1
7223 1 1 1
7341 0 2 1
7459 1 1 1
7576 0 2 1
7694 1 1 1
7812 0 2 1
7929 1 1 1
8047 0 2 1
8165 1 1 1
8282 1 1 1
8400 0 2 1
8518 1 1 1
8635 1 1 1
8753 0 2 1
8870 1 1 1
8988 0 2 1
9106 1 1 1
9223 0 2 1
9341 1 1 1
9459 1 1 1
9576 0 2 1
9694 0 2 1
9812 1 1 1
9929 0 2 1
10047 0 2 1
10165 1 1 1
10282 0 2 1
10400 1 1 1
10518 0 2 1
10635 1 1 1
10753 0 2 1
10870 1 1 1
10988 0 2 1
11106 0 2 1
11223 1 1 1
11341 0 2 1
11459 0 2 1
11576 1 1 1
11694 0 2 1
11812 1 1 1
11929 0 2 1
12047 1 1 1
12165 0 2 1
12282 0 2 1
12400 1 1 1
12518 1 1 1
12635 0 2 1
12753 1 1 1
12870 1 1 1
12988 0 2 1
13106 1 1 1
13223 0 2 1
13341 1 1 1
13459 0 2 1
13576 1 1 1
13694 0 2 1
13812 1 1 1
13929 1 1 1
14047 0 2 1
14165 1 1 1
14282 1 1 1
14400 0 2 1
14518 1 1 1
14635 0 2 1
14753 1 1 1
14870 0 2 1
14988 1 1 1
15106 1 1 1
15223 0 2 1
15341 0 2 1
15459 1 1 1
15576 0 2 1
15694 0 2 1
15812 1 1 1
15929 0 2 1
16047 1 1 1
16165 0 2 1
16282 1 1 1
16400 0 2 1
16518 1 1 1
16870 0 2 1
16988 1 1 1
17106 0 2 1
17223 1 1 1
17576 0 2 1
17694 1 1 1
17812 0 2 1
17929 1 1 1
18282 0 2 1
18400 1 1 1
18518 0 2 1
18635 1 1 1
18870 1 1 1
19106 0 2 1
19341 0 2 1
19694 1 1 1
19812 0 2 1
19929 1 1 1
20047 0 2 1
20400 1 1 1
20518 0 2 1
20635 1 1 1
20753 0 2 1
21106 1 1 1
21223 0 2 1
21341 1 1 1
21459 0 2 1
21812 1 1 1
22165 1 1 1
22518 0 2 1
22635 1 1 1
22753 0 2 1
22870 1 1 1
23223 0 2 1
23341 1 1 1
23459 0 2 1
23576 1 1 1
23929 0 2 1
24047 1 1 1
24165 0 2 1
24282 1 1 1
24518 1 1 1
24753 0 2 1
24988 0 2 1
25341 1 1 1
25459 0 2 1
25576 1 1 1
25694 0 2 1
26047 1 1 1
26165 0 2 1
26282 1 1 1
26400 0 2 1
26753 1 1 1
26870 0 2 1
26988 1 1 1
27106 0 2 1
27459 0 2 1
27812 1 1 1
29223 0 2 1
30635 1 1 1
31341 1 1 1
31694 0 2 1
32047 1 1 1
32753 0 2 1
33106 1 1 1
33459 1 1 1
33812 0 2 1
34165 0 2 1
34518 1 1 1
34870 0 2 1
35223 1 1 1
35576 0 2 1
35929 1 1 1
36282 0 2 1
36988 0 2 1
37341 1 1 1
37694 0 2 1
38400 1 1 1
38753 1 1 1
39106 0 2 1
39459 0 2 1
39812 1 1 1
40165 1 1 1
40518 1 1 1
40870 1 1 1
41223 0 2 1
41576 1 1 1
41929 1 1 1
42400 0 2 1
42518 1 1 1
42635 1 1 1
42988 0 2 1
43341 1 1 1
43812 1 1 1
43929 0 2 1
44047 0 2 1
44400 1 1 1
44518 0 2 1
44635 0 2 1
44753 1 1 1
45106 0 2 1
45223 1 1 1
45341 1 1 1
45459 0 2 1
45812 1 1 1
46165 0 2 1
46518 1 1 1
46870 0 2 1
47223 1 1 1
47576 0 2 1
48047 1 1 1
48165 0 2 1
48282 0 2 1
48635 1 1 1
48988 0 2 1
49459 0 2 1
49576 1 1 1
49694 1 1 1
50047 1 1 1
50165 0 2 1
50282 1 1 1
50400 0 2 1
50753 0 2 1
50870 1 1 1
50988 0 2 1
51106 1 1 1
51459 1 1 1
51576 0 2 1
51694 1 1 1
51812 0 2 1
52047 1 1 1
52165 0 2 1
52282 1 1 1
52400 0 2 1
52518 1 1 1
52870 1 1 1
52988 0 2 1
53106 0 2 1
53223 1 1 1
53812 0 2 1
53929 1 1 1
54282 0 2 1
54635 1 1 1
54988 0 2 1
55341 1 1 1
55694 0 2 1
56047 1 1 1
56635 1 1 1
56753 0 2 1
57106 1 1 1
57459 0 2 1
57929 1 1 1
58047 0 2 1
58165 0 2 1
58400 1 1 1
58518 0 2 1
58635 1 1 1
58753 0 2 1
58870 1 1 1
59341 1 1 1
59459 0 2 1
59576 1 1 1
59929 1 1 1
60282 0 2 1
60635 0 2 1
60988 1 1 1
61341 0 2 1
61694 0 2 1
62047 1 1 1
62400 1 1 1
62753 1 1 1
62870 0 2 1
62988 1 1 1
63106 0 2 1
63459 0 2 1
63576 1 1 1
63694 0 2 1
63812 1 1 1
64047 0 2 1
64165 1 1 1
64282 0 2 1
64400 1 1 1
64518 0 2 1
64870 0 2 1
65223 1 1 1
65576 1 1 1
65929 1 1 1
66165 0 2 1
66282 1 1 1
66400 0 2 1
66518 1 1 1
66635 0 2 1
66870 1 1 1
66988 0 2 1
67106 1 1 1
67223 0 2 1
67341 1 1 1
67694 0 2 1
67812 1 1 1
67929 0 2 1
68047 1 1 1
68282 1 1 1
68518 0 2 1
68753 0 2 1
68988 1 1 1
69106 0 2 1
69223 1 1 1
69341 0 2 1
69459 1 1 1
69694 0 2 1
69812 1 1 1
69929 0 2 1
70047 1 1 1
70165 0 2 1
70518 1 1 1
70635 0 2 1
70753 1 1 1
70870 0 2 1
71223 1 1 1
71576 0 2 1
71812 1 1 1
71929 0 2 1
72047 0 2 1
72165 1 1 1
72282 1 1 1
72518 0 2 1
72635 1 1 1
72753 1 1 1
72870 0 2 1
72988 0 2 1
73341 1 1 1
73459 0 2 1
73576 1 1 1
73694 0 2 1
73929 0 2 1
74165 1 1 1
74400 1 1 1
74635 0 2 1
74753 1 1 1
74870 1 1 1
74988 0 2 1
75106 0 2 1
75341 1 1 1
75459 0 2 1
75576 0 2 1
75694 1 1 1
75812 1 1 1
76047 1 1 1
76165 0 2 1
76282 1 1 1
76400 0 2 1
76518 1 1 1
77223 0 2 1
77459 1 1 1
77576 0 2 1
77694 1 1 1
77812 0 2 1
77929 1 1 1
78165 0 2 1
78282 1 1 1
78400 0 2 1
78518 1 1 1
78635 0 2 1
78988 1 1 1
79106 0 2 1
79223 1 1 1
79341 0 2 1
79576 0 2 1
79812 1 1 1
80047 1 1 1
80282 0 2 1
80400 1 1 1
80518 0 2 1
80635 1 1 1
80753 0 2 1
80988 1 1 1
81106 0 2 1
81223 1 1 1
81341 0 2 1
81459 1 1 1
81812 0 2 1
81929 1 1 1
82047 0 2 1
82165 1 1 1
82518 0 2 1
82870 1 1 1
83106 0 2 1
83223 1 1 1
83341 1 1 1
83459 0 2 1
83576 0 2 1
83812 1 1 1
83929 0 2 1
84047 0 2 1
84165 1 1 1
84282 1 1 1
84635 0 2 1
84753 1 1 1
84870 0 2 1
84988 1 1 1
85223 1 1 1
85459 0 2 1
85694 0 2 1
86047 1 1 1
86400 0 2 1
86635 1 1 1
86870 0 2 1
87106 1 1 1
87459 1 1 1
87812 0 2 1
88165 0 2 1
88518 0 2 1
88635 1 1 1
88753 1 1 1
88870 0 2 1
88988 1 1 1
89106 1 1 1
89223 0 2 1
89341 1 1 1
89459 0 2 1
89576 1 1 1
89694 0 2 1
89812 1 1 1
89929 0 2 1
90047 1 1 1
90165 1 1 1
90282 0 2 1
90400 1 1 1
90518 1 1 1
90635 0 2 1
90753 1 1 1
90870 0 2 1
90988 1 1 1
91106 0 2 1
91223 1 1 1
91341 1 1 1
91459 0 2 1
91576 0 2 1
91694 1 1 1
91812 0 2 1
91929 0 2 1
92047 1 1 1
92165 0 2 1
92282 1 1 1
92400 0 2 1
92518 1 1 1
92635 0 2 1
92753 1 1 1
92870 0 2 1
92988 0 2 1
93106 1 1 1
93223 0 2 1
93341 1 1 1
93459 0 2 1
93812 1 1 1
94165 0 2 1
94282 1 1 1
94400 1 1 1
94518 1 1 1
94635 0 2 1
94753 0 2 1
94870 0 2 1
94988 1 1 1
95106 1 1 1
95223 1 1 1
95341 0 2 1
95459 0 2 1
95576 0 2 1
95694 1 1 1
95812 1 1 1
95929 0 2 1
96047 1 1 1
96165 1 1 1
96282 0 2 1
96400 1 1 1
96518 0 2 1
96635 1 1 1
96753 0 2 1
96870 1 1 1
96988 1 1 1
97106 0 2 1
97223 1 1 1
97341 0 2 1
97459 1 1 1
97576 0 2 1
97694 0 2 1
97812 1 1 1
97929 0 2 1
98047 1 1 1
98165 0 2 1
98282 1 1 1
98400 1 1 1
98518 0 2 1
98635 0 2 1
98753 1 1 1
98870 0 2 1
98988 0 2 1
99106 1 1 1
99223 0 2 1
99341 1 1 1
99459 0 2 1
99576 1 1 1
99694 0 2 1
99812 1 1 1
100165 1 1 1
100518 1 1 1
100753 0 2 1
100988 1 1 1
101223 0 2 1
101576 0 2 1
101929 0 2 1
102165 1 1 1
102400 0 2 1
102635 1 1 1
102988 1 1 1
103341 1 1 1
103694 1 1 1
104047 0 2 1
104400 0 2 1
104753 1 1 1
105106 1 1 1
105459 0 2 1
105812 0 2 1
106165 0 2 1
106400 1 1 1
106635 0 2 1
106870 1 1 1
107223 1 1 1
107576 1 1 1
107812 0 2 1
108047 1 1 1
108282 0 2 1
108635 0 2 1
108988 0 2 1
109223 1 1 1
109459 0 2 1
109694 1 1 1
110047 1 1 1
110400 0 2 1
110753 0 2 1
111106 1 1 1
111812 0 2 1
112518 1 1 1
112753 0 2 1
112988 1 1 1
113223 0 2 1
113576 1 1 1
113929 0 2 1
114635 1 1 1
115341 0 2 1
115576 1 1 1
115812 0 2 1
116047 1 1 1
116400 0 2 1
116753 1 1 1
117459 1 1 1
118165 0 2 1
118518 1 1 1
118870 0 2 1
119223 1 1 1
119576 1 1 1
119929 0 2 1
120282 1 1 1
120635 0 2 1
120988 1 1 1
121341 1 1 1
121694 0 2 1
122047 0 2 1
122400 1 1 1
122518 0 2 1
122635 0 2 1
122753 1 1 1
122870 0 2 1
122988 0 2 1
123106 1 1 1
123223 0 2 1
123341 1 1 1
123459 0 2 1
123576 1 1 1
123694 0 2 1
123812 0 2 1
123929 1 1 1
124047 1 1 1
124165 0 2 1
124282 1 1 1
124400 1 1 1
124518 0 2 1
124635 1 1 1
124753 0 2 1
124870 1 1 1
124988 0 2 1
125106 1 1 1
125223 0 2 1
125341 1 1 1
125459 1 1 1
125576 0 2 1
125694 1 1 1
125812 1 1 1
125929 0 2 1
126047 1 1 1
126165 0 2 1
126282 1 1 1
126400 0 2 1
126518 1 1 1
126635 1 1 1
126753 0 2 1
126870 0 2 1
126988 1 1 1
127106 0 2 1
127223 1 1 1
127341 0 2 1
127694 1 1 1
128047 0 2 1
128165 1 1 1
128282 1 1 1
128400 0 2 1
128518 1 1 1
128635 1 1 1
128753 0 2 1
128870 1 1 1
128988 0 2 1
129106 1 1 1
129223 0 2 1
129341 1 1 1
129459 1 1 1
129576 0 2 1
129694 0 2 1
129812 1 1 1
129929 0 2 1
130047 0 2 1
130165 1 1 1
130282 0 2 1
130400 1 1 1
130518 0 2 1
130635 1 1 1
130753 0 2 1
130870 1 1 1
130988 0 2 1
131106 0 2 1
131223 1 1 1
131341 0 2 1
131459 0 2 1
131576 1 1 1
131694 0 2 1
131812 1 1 1
131929 0 2 1
132047 1 1 1
132165 0 2 1
132282 0 2 1
132400 1 1 1
132518 1 1 1
132635 0 2 1
132753 1 1 1
132870 1 1 1
132988 0 2 1
133106 1 1 1
133223 0 2 1
133341 1 1 1
133459 0 2 1
133576 1 1 1
133694 0 2 1
135106 1 1 1
135842 0 2 1
136332 1 1 1
136455 0 2 1
136578 1 1 1
137976 0 2 1
138116 1 1 1
138256 0 2 1
138970 0 2 1
139113 1 1 1
139541 1 1 1
139684 0 2 1
139827 1 1 1
139970 0 2 1
140113 1 1 1
140256 0 2 1
140398 1 1 1
140470 0 2 1
140541 1 1 1
144184 0 2 0.4
144256 1 1 0.4